12345
Makayla
1 1 0 0 0 0 
5 1 0 0 0 0 
2 1 0 0 0 0 
3 1 0 0 0 0 
1111111 1111111 0 0 0 0 
0
480 720 1200 
1 
12345 
Brandon
1 0 0 0 0 0 
1 0 0 0 0 0 
1 0 0 0 0 0 
1 0 0 0 0 0 
1111111 0 0 0 0 0 
0
480 840 1200 
1 
0 
Caleb
1 0 0 0 1 0 
1 0 0 0 1 0 
2 0 0 0 1 0 
3 0 0 0 1 0 
1111111 0 0 0 1111111 0 
0
480 840 1200 
1 
0 
Davin
0 1 0 0 0 1 
0 1 0 0 0 3 
0 1 0 0 0 4 
0 1 0 0 0 5 
0 1111111 0 0 0 1 
0
480 840 1200 
1 
1245 
Jeffrey
0 0 0 1 0 0 
0 0 0 1 0 0 
0 0 0 1 0 0 
0 0 0 1 0 0 
0 0 0 1111111 0 0 
0
480 840 1200 
1 
0 
1234567890
